# PE 買入區間 每日監看清單(自行增刪;一行一個或逗號/空白分隔,# 為註解)
# 種子 = 我們篩出的「好公司」(三年報酬10選 + 漏網優質 + 幾檔大型權值),你可自由調整。

6721
6741
4953
3293
3587
2753
6690
2947
6223
2453
3017
3004
3583
6279
2890
6803
2755
4129
6446
2912
2345
2376
6752
6733
2640
2480
2308
2752
2937
2402
5278
9917
8284
6612
3265
4114
3653
5903
9911
3130
1513
4116
2812
2330
1736
5904
2880
2850
2887
3036
3162
3029
5493
2059
2368
8462
2383
5607
5274
5312
6112
8210
6449
3687
6257
6683
3551
6776
7556
6138
6525
3044
1519
2353
2357
2363
2645
2884
2889
2891
3019
3324
3630
3702
3715
4772
4904
5203
5269
6005
6274
6469
6712
6739
6787
6788
6791
8016


# === 追加:CPO/光通訊/散熱/光學/題材族群觀察 ===
3081
2455
4991
3363
4979
6442
3163
4977
3234
3711
6451
3450
6515
3406
3008
2360
1560
2379
1268
8996
3013
9942
2727

# === 追加:金融/公用/石化/重電/工具機 ===
2882
2881
2851
2885
2883
2855
8926
6505
1504
2049

# === 追加:環保(崑鼎/日友) ===
8341
