# 由 TW.txt 解析,共 2318 檔上市櫃普通股(4碼)
2258
2889
8028
6414
1477
4966
6472
3035
7822
2606
1773
9917
2540
6290
2312
6173
1795
2867
8112
2006
4583
6116
6831
3715
6191
3680
6282
2352
3714
1722
2206
6826
2539
6271
9941
1210
1907
6683
1409
3563
2850
2458
2634
2923
4766
3019
2367
4763
6584
3596
5903
5469
6670
2388
4772
2421
6176
6449
6592
6197
2504
2498
9939
8070
5234
7751
2211
9933
3376
8422
8039
2428
7892
6412
8415
2015
8932
1736
2329
4915
8016
6214
3016
3413
3673
3357
2548
1215
2464
2903
2316
2072
3010
5548
1805
5543
6810
6226
3057
6833
4426
8298
2024
7824
6195
3325
2758
8999
8272
2482
7562
4173
7702
2434
3379
9902
1453
9928
7797
4528
2444
3686
6843
1337
2431
1474
6973
8906
8034
4568
6721
8489
5267
6771
6856
6114
8087
8354
1465
7737
7767
6938
6680
3360
2033
8466
7770
6925
3678
3308
4133
5704
9929
7785
5016
4433
3122
1413
7840
5344
8429
6674
6815
6872
7583
4584
2496
6441
3541
3522
7723
3259
4735
7862
3659
8410
1593
6560
7776
5230
4754
5345
2063
6573
6578
6564
3520
6543
1591
6242
6969
3465
1336
6140
6496
7773
6935
4440
5245
5488
5223
5355
6819
6160
7761
3128
6697
2948
6850
5272
4943
4195
4121
6130
4402
6876
6708
4161
6723
6995
8940
8440
8077
3184
4538
3297
1732
1776
6817
6154
6929
4160
6418
6593
2904
4139
6847
2255
7725
5201
8477
8093
9949
2235
3434
9960
3232
6751
7833
8928
4575
6229
3276
4194
4711
6971
3597
6839
3609
7753
4806
1539
2751
8426
3272
3523
4745
3118
6827
4171
1418
6518
5547
5907
7819
4430
6806
6798
6814
2939
6624
7715
5878
3593
6879
4946
6164
5251
6767
5703
5271
4589
5460
4117
6539
2736
6158
8277
5254
6665
4550
6677
3567
3043
4972
4950
6109
2064
4558
3646
4198
6599
4186
6259
6645
2245
8107
2924
4724
3252
4502
4530
2734
5398
9962
7794
1340
4732
1526
7790
4767
3018
8921
6910
8201
6482
6650
4544
2911
6428
6648
5220
3085
3349
4432
8092
6483
1516
3073
8450
6264
3191
3150
3492
7756
4102
3373
3499
6236
1324
4554
8455
1343
6493
6662
3432
6804
7764
3494
6572
4150
8443
8488
8291
7789
3268
6294
5248
6615
8101
8423
8421
6867
5276
4702
7724
6210
4431
7743
6939
6868
5310
6878
4192
8929
1512
2073
6911
5487
6883
8176
6780
3623
6241
6641
8119
4188
6988
6225
7726
3115
6755
1441
6858
4416
5240
2424
2929
7839
9912
6884
8409
5211
6549
8923
4553
4738
6246
8458
3117
1781
6276
6565
5364
6144
5516
4170
8024
1813
7575
4765
2941
7561
6228
8066
6536
8444
4413
4406
3629
3672
8437
7607
6512
4154
4559
1213
1293
2741
4115
2938
6103
6559
6816
5301
7584
6621
3664
2740
4924
6240
6784
6797
6473
6882
6758
7595
2321
6865
4529
6793
7558
3095
1538
3067
6673
6661
2726
6639
2724
6734
6984
3288
6169
5701
6616
5205
3632
4183
2067
6848
2733
1594
4609
2761
8067
4197
3064
6622
5348
6744
7443
3603
6583
7516
7551
7866
7921
6563
7904
7915
6898
7873
7898
7918
7919
7899
7907
7847
7745
6963
7771
7782
7841
7706
2760
7831
7885
7716
7913
7415
7909
7889
7872
2940
7849
7834
6972
6604
6999
7927
7826
7784
7926
7748
7911
7891
7779
7843
7735
7758
7858
7922
